INDV	N_DATA	N_GENOTYPES_FILTERED	N_MISS	F_MISS
BGM2234:250581734	470379	0	137191	0.291661
BGM1253:250494285	470379	0	153795	0.32696
CNPMF400:250370565	470379	0	235814	0.501328
CNPMF541:250370667	470379	0	268483	0.57078
CNPMF303:250370510	470379	0	223442	0.475025
PotiBranca:250380449	470379	0	219056	0.465701
CNPMF360:250370503	470379	0	261271	0.555448
CNPMF2018:250380418	470379	0	213943	0.454831
CNPMF1626:250406965	470379	0	209904	0.446244
Mulatinha:250380490	470379	0	198633	0.422283
CNPMF287:250370545	470379	0	233011	0.495369
CNPMF382:250370587	470379	0	218452	0.464417
9815006:250370267	470379	0	201662	0.428722
CNPMF120:250370300	470379	0	215358	0.457839
PAULO_ROSA	470379	0	190368	0.404712
BGM1023:250437312	470379	0	205934	0.437804
CNPMF1638:250407014	470379	0	199565	0.424264
960707:250370254	470379	0	222523	0.473072
BGM1024:250437305	470379	0	190023	0.403978
CNPMF295:250370581	470379	0	207823	0.44182
CNPMF332:250370512	470379	0	239579	0.509332
CNPMF991:250380432	470379	0	260440	0.553681
CNPMF447:250370684	470379	0	258561	0.549687
CNPMF93:250370310	470379	0	245127	0.521127
CNPMF49:250370306	470379	0	236708	0.503228
BGM1225:250437336	470379	0	207699	0.441557
BGM_2124	470379	0	189557	0.402988
CNPMF1552:250406971	470379	0	223710	0.475595
CNPMF319:250370559	470379	0	217409	0.4622
CNPMF1623:250407036	470379	0	195263	0.415118
CNPMF389:250370517	470379	0	242186	0.514874
CNPMF448:250370695	470379	0	254806	0.541704
CNPMF442:250370660	470379	0	253079	0.538032
CNPMF44:250370271	470379	0	202013	0.429469
CNPMF46:250370283	470379	0	239207	0.508541
CNPMF338:250370525	470379	0	217221	0.4618
CNPMF405:250370576	470379	0	237965	0.505901
CNPMF236:250370414	470379	0	176939	0.376163
CNPMF1174:250371095	470379	0	194341	0.413158
CNPMF157:250370407	470379	0	200254	0.425729
PauloRosa:250437619	470379	0	185794	0.394988
CNPMF702:250370831	470379	0	215700	0.458566
CNPMF155:250370395	470379	0	182650	0.388304
CNPMF1691:250368848	470379	0	173606	0.369077
CNPMF849:250370907	470379	0	198152	0.42126
CNPMF717:250370796	470379	0	196717	0.41821
CNPMF873:250370897	470379	0	229414	0.487722
CNPMF682:250370794	470379	0	219270	0.466156
CNPMF1707:250368932	470379	0	187592	0.39881
PI90111:250437621	470379	0	177873	0.378148
CNPMF1163:250371059	470379	0	209743	0.445902
BRSTapioqueira:250437498	470379	0	180528	0.383793
CNPMF1253:250372092	470379	0	470341	0.999919
CNPMF235:250370413	470379	0	202412	0.430317
CNPMF171:250370386	470379	0	222231	0.472451
CNPMF1155:250371022	470379	0	194584	0.413675
CNPMF264:250370427	470379	0	190045	0.404025
Salangor:250437689	470379	0	197954	0.420839
